潘铁铮	94	82	78	65	52	59	42
陈安兴	39	77	72	64	68	75	84
李华芳	91	36	56	36	56	88	94	91	54
孙煜柯	36	86	91	56	78	84	50
郭祥兴	76	90	42	62	85	64	56
江雯	82	81	79	93	61	36	56	80	58
潘镇健	67	38	74	38	63	60	68
王希	88	58	85	93	69	36	56	93	69
陈文达	89	77	59	94	72	43	46	51	94	59
欧嘉琪	73	79	80	75	80	87	59
梁剑锋	43	48	85	70	65	58	66
岑江斌	48	51	54	36	56	76	74	62	74
李阳	46	75	68	57	53	50	92
罗海铭	38	64	94	72	43	82	78
邓东新	41	72	68	84	94	72	43	64	88	59
高阳	72	49	55	36	57	90	85
陈智翔	91	46	72	40	82	68	43
梁海瑞	56	85	57	36	56	93	82	71	39
胡民光	60	94	72	43	81	80	74	75	44	40
徐海旺	94	91	60	49	43	89	45
陈铨	92	41	65	59	36	62	54
黄晓波	76	46	77	36	56	42	69	47	53
黄海林	94	41	93	51	53	89	36
王庆想	81	94	72	43	64	55	50	91	81	67
祝嘉声	55	47	85	55	94	88	41
李健荣	75	89	94	72	43	79	44	52	52	44
林晓端	50	41	92	56	83	75	73
蔡楚君	53	38	37	36	56	42	89	75	87
廖家赵	76	68	56	88	71	42	93
陈虹江	67	94	72	43	81	75	41	88	59	69
吴豪波	60	54	52	91	92	52	95
李振旺	71	46	49	59	68	78	68
钟宇航	80	55	78	36	56	38	79	52	66
谭丽武	70	48	72	56	70	89	55
艾书行	68	66	70	79	37	85	61
晏超	70	89	75	83	62	58	65
胡程程	66	94	72	43	73	38	68	74	65	39
吴铁印	40	41	56	76	66	77	88
刘蕾	78	58	62	36	56	89	57	85	39
周双	95	38	49	38	91	72	61
彭奇文	56	65	78	53	85	69	85
尹志翔	93	61	36	56	86	38	86	55	59
孟思繁	56	95	52	47	57	62	72
陈欣	88	84	79	36	56	78	71	78	84
刘辉	62	64	43	78	87	88	88
汪茜	60	94	72	43	89	36	56	85	88	91	78	91
陈沛	48	43	43	70	75	36	46
陈一帆	43	58	36	56	70	39	47	75	51
黄文辉	54	91	57	90	74	61	89
袁超锋	79	94	72	43	90	83	83	39	61	71
